solver_type MCSVM_CS
nr_class 2
label 0 1
nr_feature 237
bias -1
w
0.5 -0.5 
0.5 -0.5 
0.2886751345948129 -0.2886751345948129 
0.2886751345948129 -0.2886751345948129 
0.2886751345948129 -0.2886751345948129 
0.5 -0.5 
0.4226497308103741 -0.4226497308103742 
0.5 -0.5 
0.5 -0.5 
0.5 -0.5 
0.2886751345948129 -0.2886751345948129 
0.2886751345948129 -0.2886751345948129 
0.2886751345948129 -0.2886751345948129 
0.5 -0.5 
0.5 -0.5 
0.5 -0.5 
0.5 -0.5 
0.5 -0.5 
0.5 -0.5 
0.5 -0.5 
0.5 -0.5 
0.223606797749979 -0.223606797749979 
0.223606797749979 -0.223606797749979 
0.223606797749979 -0.223606797749979 
0.223606797749979 -0.223606797749979 
0.223606797749979 -0.223606797749979 
0.5 -0.5 
0.5 -0.5 
0.5 -0.5 
0.5 -0.5 
0.5 -0.5 
0.5 -0.5 
0.5 -0.5 
0.5 -0.5 
0.5 -0.5 
0.5 -0.5 
0.5 -0.5 
0.5 -0.5 
0.5 -0.5 
0.2886751345948129 -0.2886751345948129 
0.2886751345948129 -0.2886751345948129 
0.2886751345948129 -0.2886751345948129 
0.5 -0.5 
0.5 -0.5 
0.5 -0.5 
0.5 -0.5 
0.5 -0.5 
0.2886751345948129 -0.2886751345948129 
0.2886751345948129 -0.2886751345948129 
0.2886751345948129 -0.2886751345948129 
0.5 -0.5 
0.5 -0.5 
0.5 -0.5 
0.5 -0.5 
0.5 -0.5 
0.5 -0.5 
0.223606797749979 -0.223606797749979 
0.223606797749979 -0.223606797749979 
0.223606797749979 -0.223606797749979 
0.223606797749979 -0.223606797749979 
0.223606797749979 -0.223606797749979 
0.2886751345948129 -0.2886751345948129 
0.2886751345948129 -0.2886751345948129 
0.2886751345948129 -0.2886751345948129 
0.5 -0.5 
0.5 -0.5 
0.5 -0.5 
0.5 -0.5 
0.5 -0.5 
0.5 -0.5 
0.5 -0.5 
0.2886751345948129 -0.2886751345948129 
0.2886751345948129 -0.2886751345948129 
0.2886751345948129 -0.2886751345948129 
0.5 -0.5 
0.2886751345948129 -0.2886751345948129 
0.2886751345948129 -0.2886751345948129 
0.2886751345948129 -0.2886751345948129 
0.5 -0.5 
0.5 -0.5 
0.5 -0.5 
0.5 -0.5 
0.2886751345948129 -0.2886751345948129 
0.2886751345948129 -0.2886751345948129 
0.2886751345948129 -0.2886751345948129 
0.5 -0.5 
0.5 -0.5 
0.5 -0.5 
0.5 -0.5 
0.5 -0.5 
-0.5 0.5 
-0.223606797749979 0.223606797749979 
-0.223606797749979 0.223606797749979 
-0.223606797749979 0.223606797749979 
-0.223606797749979 0.223606797749979 
-0.223606797749979 0.223606797749979 
-0.5 0.5 
-0.5 0.5 
-0.5 0.5 
-0.2886751345948129 0.2886751345948129 
-0.2886751345948129 0.2886751345948129 
-0.2886751345948129 0.2886751345948129 
-0.1776670967567776 0.1776670967567776 
-0.4071198657659979 0.407119865765998 
-0.1776670967567776 0.1776670967567776 
-0.1776670967567776 0.1776670967567776 
-0.1776670967567776 0.1776670967567776 
-0.5 0.5 
-0.5 0.5 
-0.2886751345948129 0.2886751345948129 
-0.2886751345948129 0.2886751345948129 
-0.2886751345948129 0.2886751345948129 
-0.2886751345948129 0.2886751345948129 
-0.2886751345948129 0.2886751345948129 
-0.2886751345948129 0.2886751345948129 
-0.1779236968764174 0.1779236968764174 
-0.1779236968764174 0.1779236968764174 
-0.4072909325124244 0.4072909325124244 
-0.1779236968764174 0.1779236968764174 
-0.1779236968764174 0.1779236968764174 
-0.5 0.5 
-0.184317176370029 0.1843171763700291 
-0.4973910510443804 0.4973910510443804 
-0.184317176370029 0.1843171763700291 
-0.223606797749979 0.2236067977499789 
-0.6854870131016798 0.6854870131016795 
0 -6.938893903907228e-17 
-0.5 0.5 
-0.5 0.5 
-0.5 0.5 
-0.1762344536739889 0.1762344536739889 
-0.5 0.5 
-0.1762344536739889 0.1762344536739889 
-0.1081367439120539 0.1081367439120538 
-0.1081367439120539 0.1081367439120538 
-0.1081367439120539 0.1081367439120538 
-0.1081367439120539 0.1081367439120538 
-0.5 0.5 
-0.2886751345948129 0.2886751345948129 
-0.2886751345948129 0.2886751345948129 
-0.2886751345948129 0.2886751345948129 
-0.5 0.5 
-0.2886751345948129 0.2886751345948129 
-0.2886751345948129 0.2886751345948129 
-0.2886751345948129 0.2886751345948129 
-0.5 0.5 
-0.2886751345948129 0.2886751345948129 
-0.2886751345948129 0.2886751345948129 
-0.2886751345948129 0.2886751345948129 
-0.5 0.5 
-0.223606797749979 0.223606797749979 
-0.223606797749979 0.223606797749979 
-0.223606797749979 0.223606797749979 
-0.223606797749979 0.223606797749979 
-0.5 0.5 
-0.5 0.5 
-0.1551292804787523 0.1551292804787523 
-0.1551292804787523 0.1551292804787523 
-0.1551292804787523 0.1551292804787523 
-0.392094654913981 0.3920946549139811 
-0.1551292804787523 0.1551292804787523 
-0.1551292804787523 0.1551292804787523 
-0.1551292804787523 0.1551292804787523 
-0.2886751345948129 0.2886751345948129 
-0.2886751345948129 0.2886751345948129 
-0.2886751345948129 0.2886751345948129 
-0.5773502691896258 0.5773502691896258 
-0.5 0.5 
-0.5 0.5 
-0.5 0.5 
-0.5 0.5 
-0.5 0.5 
-0.5 0.5 
-0.5 0.5 
-0.5 0.5 
-0.223606797749979 0.223606797749979 
-0.223606797749979 0.223606797749979 
-0.223606797749979 0.223606797749979 
-0.223606797749979 0.223606797749979 
-0.223606797749979 0.223606797749979 
-0.229367235636007 0.2293672356360071 
-0.229367235636007 0.2293672356360071 
-0.2886751345948129 0.2886751345948129 
-0.2886751345948129 0.2886751345948129 
-0.2886751345948129 0.2886751345948129 
-0.5 0.5 
-0.5 0.5 
-0.5 0.5 
-0.5 0.5 
-0.2886751345948129 0.2886751345948129 
-0.2886751345948129 0.2886751345948129 
-0.2886751345948129 0.2886751345948129 
-0.5 0.5 
-0.5 0.5 
-0.5 0.5 
-0.5 0.5 
-0.5 0.5 
-0.2886751345948129 0.2886751345948129 
-0.2886751345948129 0.2886751345948129 
-0.2886751345948129 0.2886751345948129 
-0.223606797749979 0.223606797749979 
-0.223606797749979 0.223606797749979 
-0.223606797749979 0.223606797749979 
-0.223606797749979 0.223606797749979 
-0.223606797749979 0.223606797749979 
-0.5 0.5 
-0.5 0.5 
-0.2369653744352287 0.2369653744352287 
-0.2369653744352287 0.2369653744352287 
-0.5 0.5 
-0.5 0.5 
-0.2886751345948129 0.2886751345948129 
-0.2886751345948129 0.2886751345948129 
-0.2886751345948129 0.2886751345948129 
-0.5 0.5 
-0.5 0.5 
-0.5 0.5 
-0.2886751345948129 0.2886751345948129 
-0.2886751345948129 0.2886751345948129 
-0.2886751345948129 0.2886751345948129 
-0.5 0.5 
-0.2886751345948129 0.2886751345948129 
-0.2886751345948129 0.2886751345948129 
-0.2886751345948129 0.2886751345948129 
-0.5 0.5 
-0.5 0.5 
-0.5 0.5 
-0.5 0.5 
-0.5 0.5 
-0.2886751345948129 0.2886751345948129 
-0.2886751345948129 0.2886751345948129 
-0.2886751345948129 0.2886751345948129 
-0.2886751345948129 0.2886751345948129 
-0.2886751345948129 0.2886751345948129 
-0.2886751345948129 0.2886751345948129 
-0.2294527690092203 0.2294527690092203 
-0.2294527690092203 0.2294527690092203 
